search 6
[5, 5, 5, 0, 1, 5, 6, 1, 2, 1, 2, 1, 2]
[0, 1, 1, 1, 1, 2, 2, 2, 5, 5, 5, 5, 6]
m=36
nb arcs to choose: 42
chi= 3
done: [(10, 12), (10, 11), (9, 12), (11, 9), (12, 8), (8, 11), (8, 10), (9, 8), (12, 7), (7, 11), (7, 10), (9, 7), (12, 6), (6, 11), (10, 6), (6, 9), (6, 8), (6, 7), (12, 5), (5, 11), (10, 5), (5, 9), (5, 8), (5, 7), (4, 12), (4, 11), (4, 10), (4, 9), (4, 8), (4, 7), (3, 12), (3, 11), (3, 10), (3, 9), (3, 8), (3, 7), (8, 2), (7, 2), (1, 12), (11, 1), (0, 10), (9, 0)]
chi= 3
done: [(10, 12), (10, 11), (9, 12), (11, 9), (12, 8), (8, 11), (8, 10), (9, 8), (12, 7), (7, 11), (7, 10), (9, 7), (12, 6), (6, 11), (10, 6), (6, 9), (6, 8), (6, 7), (12, 5), (5, 11), (10, 5), (5, 9), (5, 8), (5, 7), (4, 12), (4, 11), (4, 10), (4, 9), (4, 8), (4, 7), (3, 12), (3, 11), (3, 10), (3, 9), (3, 8), (3, 7), (8, 2), (7, 2), (1, 12), (11, 1), (10, 0), (9, 0)]
chi= 3
done: [(10, 12), (10, 11), (9, 12), (11, 9), (12, 8), (8, 11), (8, 10), (9, 8), (12, 7), (7, 11), (7, 10), (9, 7), (12, 6), (6, 11), (10, 6), (6, 9), (6, 8), (6, 7), (12, 5), (5, 11), (10, 5), (5, 9), (5, 8), (5, 7), (4, 12), (4, 11), (4, 10), (4, 9), (4, 8), (4, 7), (3, 12), (3, 11), (3, 10), (3, 9), (3, 8), (3, 7), (8, 2), (7, 2), (12, 1), (11, 1), (0, 10), (9, 0)]
chi= 3
done: [(10, 12), (10, 11), (9, 12), (11, 9), (12, 8), (8, 11), (8, 10), (9, 8), (12, 7), (7, 11), (7, 10), (9, 7), (12, 6), (6, 11), (10, 6), (6, 9), (6, 8), (6, 7), (12, 5), (5, 11), (10, 5), (5, 9), (5, 8), (5, 7), (4, 12), (4, 11), (4, 10), (4, 9), (4, 8), (4, 7), (3, 12), (3, 11), (3, 10), (3, 9), (3, 8), (3, 7), (8, 2), (7, 2), (12, 1), (11, 1), (10, 0), (9, 0)]
chi= 3
done: [(10, 12), (10, 11), (9, 12), (11, 9), (12, 8), (8, 11), (8, 10), (9, 8), (12, 7), (7, 11), (7, 10), (9, 7), (12, 6), (11, 6), (10, 6), (9, 6), (8, 6), (7, 6), (12, 5), (5, 11), (10, 5), (5, 9), (5, 8), (5, 7), (4, 12), (4, 11), (4, 10), (4, 9), (4, 8), (4, 7), (3, 12), (3, 11), (3, 10), (3, 9), (3, 8), (3, 7), (8, 2), (7, 2), (1, 12), (11, 1), (0, 10), (9, 0)]
chi= 3
done: [(10, 12), (10, 11), (9, 12), (11, 9), (12, 8), (8, 11), (8, 10), (9, 8), (12, 7), (7, 11), (7, 10), (9, 7), (12, 6), (11, 6), (10, 6), (9, 6), (8, 6), (7, 6), (12, 5), (5, 11), (10, 5), (5, 9), (5, 8), (5, 7), (4, 12), (4, 11), (4, 10), (4, 9), (4, 8), (4, 7), (3, 12), (3, 11), (3, 10), (3, 9), (3, 8), (3, 7), (8, 2), (7, 2), (1, 12), (11, 1), (10, 0), (9, 0)]
chi= 3
done: [(10, 12), (10, 11), (9, 12), (11, 9), (12, 8), (8, 11), (8, 10), (9, 8), (12, 7), (7, 11), (7, 10), (9, 7), (12, 6), (11, 6), (10, 6), (9, 6), (8, 6), (7, 6), (12, 5), (5, 11), (10, 5), (5, 9), (5, 8), (5, 7), (4, 12), (4, 11), (4, 10), (4, 9), (4, 8), (4, 7), (3, 12), (3, 11), (3, 10), (3, 9), (3, 8), (3, 7), (8, 2), (7, 2), (12, 1), (11, 1), (0, 10), (9, 0)]
chi= 3
done: [(10, 12), (10, 11), (9, 12), (11, 9), (12, 8), (8, 11), (8, 10), (9, 8), (12, 7), (7, 11), (7, 10), (9, 7), (12, 6), (11, 6), (10, 6), (9, 6), (8, 6), (7, 6), (12, 5), (5, 11), (10, 5), (5, 9), (5, 8), (5, 7), (4, 12), (4, 11), (4, 10), (4, 9), (4, 8), (4, 7), (3, 12), (3, 11), (3, 10), (3, 9), (3, 8), (3, 7), (8, 2), (7, 2), (12, 1), (11, 1), (10, 0), (9, 0)]
chi= 3
done: [(10, 12), (10, 11), (9, 12), (11, 9), (12, 8), (11, 8), (8, 10), (8, 9), (12, 7), (7, 11), (7, 10), (9, 7), (12, 6), (6, 11), (10, 6), (6, 9), (8, 6), (6, 7), (12, 5), (5, 11), (10, 5), (5, 9), (8, 5), (5, 7), (4, 12), (4, 11), (4, 10), (4, 9), (4, 8), (4, 7), (3, 12), (3, 11), (3, 10), (3, 9), (3, 8), (3, 7), (2, 8), (7, 2), (1, 12), (11, 1), (0, 10), (9, 0)]
chi= 3
done: [(10, 12), (10, 11), (9, 12), (11, 9), (12, 8), (11, 8), (8, 10), (8, 9), (12, 7), (7, 11), (7, 10), (9, 7), (12, 6), (6, 11), (10, 6), (6, 9), (8, 6), (6, 7), (12, 5), (5, 11), (10, 5), (5, 9), (8, 5), (5, 7), (4, 12), (4, 11), (4, 10), (4, 9), (4, 8), (4, 7), (3, 12), (3, 11), (3, 10), (3, 9), (3, 8), (3, 7), (2, 8), (7, 2), (1, 12), (11, 1), (10, 0), (9, 0)]
chi= 3
done: [(10, 12), (10, 11), (9, 12), (11, 9), (12, 8), (11, 8), (8, 10), (8, 9), (12, 7), (7, 11), (7, 10), (9, 7), (12, 6), (6, 11), (10, 6), (6, 9), (8, 6), (6, 7), (12, 5), (5, 11), (10, 5), (5, 9), (8, 5), (5, 7), (4, 12), (4, 11), (4, 10), (4, 9), (4, 8), (4, 7), (3, 12), (3, 11), (3, 10), (3, 9), (3, 8), (3, 7), (2, 8), (7, 2), (12, 1), (11, 1), (0, 10), (9, 0)]
chi= 3
done: [(10, 12), (10, 11), (9, 12), (11, 9), (12, 8), (11, 8), (8, 10), (8, 9), (12, 7), (7, 11), (7, 10), (9, 7), (12, 6), (6, 11), (10, 6), (6, 9), (8, 6), (6, 7), (12, 5), (5, 11), (10, 5), (5, 9), (8, 5), (5, 7), (4, 12), (4, 11), (4, 10), (4, 9), (4, 8), (4, 7), (3, 12), (3, 11), (3, 10), (3, 9), (3, 8), (3, 7), (2, 8), (7, 2), (12, 1), (11, 1), (10, 0), (9, 0)]
chi= 3
done: [(10, 12), (10, 11), (9, 12), (11, 9), (12, 8), (11, 8), (8, 10), (8, 9), (12, 7), (7, 11), (7, 10), (9, 7), (12, 6), (6, 11), (10, 6), (6, 9), (8, 6), (6, 7), (12, 5), (5, 11), (10, 5), (5, 9), (8, 5), (5, 7), (4, 12), (4, 11), (4, 10), (4, 9), (4, 8), (4, 7), (3, 12), (3, 11), (3, 10), (3, 9), (3, 8), (3, 7), (8, 2), (7, 2), (1, 12), (11, 1), (0, 10), (9, 0)]
chi= 3
done: [(10, 12), (10, 11), (9, 12), (11, 9), (12, 8), (11, 8), (8, 10), (8, 9), (12, 7), (7, 11), (7, 10), (9, 7), (12, 6), (6, 11), (10, 6), (6, 9), (8, 6), (6, 7), (12, 5), (5, 11), (10, 5), (5, 9), (8, 5), (5, 7), (4, 12), (4, 11), (4, 10), (4, 9), (4, 8), (4, 7), (3, 12), (3, 11), (3, 10), (3, 9), (3, 8), (3, 7), (8, 2), (7, 2), (1, 12), (11, 1), (10, 0), (9, 0)]
chi= 3
done: [(10, 12), (10, 11), (9, 12), (11, 9), (12, 8), (11, 8), (8, 10), (8, 9), (12, 7), (7, 11), (7, 10), (9, 7), (12, 6), (6, 11), (10, 6), (6, 9), (8, 6), (6, 7), (12, 5), (5, 11), (10, 5), (5, 9), (8, 5), (5, 7), (4, 12), (4, 11), (4, 10), (4, 9), (4, 8), (4, 7), (3, 12), (3, 11), (3, 10), (3, 9), (3, 8), (3, 7), (8, 2), (7, 2), (12, 1), (11, 1), (0, 10), (9, 0)]
chi= 3
done: [(10, 12), (10, 11), (9, 12), (11, 9), (12, 8), (11, 8), (8, 10), (8, 9), (12, 7), (7, 11), (7, 10), (9, 7), (12, 6), (6, 11), (10, 6), (6, 9), (8, 6), (6, 7), (12, 5), (5, 11), (10, 5), (5, 9), (8, 5), (5, 7), (4, 12), (4, 11), (4, 10), (4, 9), (4, 8), (4, 7), (3, 12), (3, 11), (3, 10), (3, 9), (3, 8), (3, 7), (8, 2), (7, 2), (12, 1), (11, 1), (10, 0), (9, 0)]
chi= 3
done: [(10, 12), (10, 11), (9, 12), (11, 9), (12, 8), (11, 8), (8, 10), (8, 9), (12, 7), (7, 11), (7, 10), (9, 7), (12, 6), (11, 6), (10, 6), (9, 6), (8, 6), (7, 6), (12, 5), (5, 11), (10, 5), (5, 9), (8, 5), (5, 7), (4, 12), (4, 11), (4, 10), (4, 9), (4, 8), (4, 7), (3, 12), (3, 11), (3, 10), (3, 9), (3, 8), (3, 7), (2, 8), (7, 2), (1, 12), (11, 1), (0, 10), (9, 0)]
chi= 3
done: [(10, 12), (10, 11), (9, 12), (11, 9), (12, 8), (11, 8), (8, 10), (8, 9), (12, 7), (7, 11), (7, 10), (9, 7), (12, 6), (11, 6), (10, 6), (9, 6), (8, 6), (7, 6), (12, 5), (5, 11), (10, 5), (5, 9), (8, 5), (5, 7), (4, 12), (4, 11), (4, 10), (4, 9), (4, 8), (4, 7), (3, 12), (3, 11), (3, 10), (3, 9), (3, 8), (3, 7), (2, 8), (7, 2), (1, 12), (11, 1), (10, 0), (9, 0)]
chi= 3
done: [(10, 12), (10, 11), (9, 12), (11, 9), (12, 8), (11, 8), (8, 10), (8, 9), (12, 7), (7, 11), (7, 10), (9, 7), (12, 6), (11, 6), (10, 6), (9, 6), (8, 6), (7, 6), (12, 5), (5, 11), (10, 5), (5, 9), (8, 5), (5, 7), (4, 12), (4, 11), (4, 10), (4, 9), (4, 8), (4, 7), (3, 12), (3, 11), (3, 10), (3, 9), (3, 8), (3, 7), (2, 8), (7, 2), (12, 1), (11, 1), (0, 10), (9, 0)]
chi= 3
done: [(10, 12), (10, 11), (9, 12), (11, 9), (12, 8), (11, 8), (8, 10), (8, 9), (12, 7), (7, 11), (7, 10), (9, 7), (12, 6), (11, 6), (10, 6), (9, 6), (8, 6), (7, 6), (12, 5), (5, 11), (10, 5), (5, 9), (8, 5), (5, 7), (4, 12), (4, 11), (4, 10), (4, 9), (4, 8), (4, 7), (3, 12), (3, 11), (3, 10), (3, 9), (3, 8), (3, 7), (2, 8), (7, 2), (12, 1), (11, 1), (10, 0), (9, 0)]
chi= 3
done: [(10, 12), (10, 11), (9, 12), (11, 9), (12, 8), (11, 8), (8, 10), (8, 9), (12, 7), (7, 11), (7, 10), (9, 7), (12, 6), (11, 6), (10, 6), (9, 6), (8, 6), (7, 6), (12, 5), (5, 11), (10, 5), (5, 9), (8, 5), (5, 7), (4, 12), (4, 11), (4, 10), (4, 9), (4, 8), (4, 7), (3, 12), (3, 11), (3, 10), (3, 9), (3, 8), (3, 7), (8, 2), (7, 2), (1, 12), (11, 1), (0, 10), (9, 0)]
chi= 3
done: [(10, 12), (10, 11), (9, 12), (11, 9), (12, 8), (11, 8), (8, 10), (8, 9), (12, 7), (7, 11), (7, 10), (9, 7), (12, 6), (11, 6), (10, 6), (9, 6), (8, 6), (7, 6), (12, 5), (5, 11), (10, 5), (5, 9), (8, 5), (5, 7), (4, 12), (4, 11), (4, 10), (4, 9), (4, 8), (4, 7), (3, 12), (3, 11), (3, 10), (3, 9), (3, 8), (3, 7), (8, 2), (7, 2), (1, 12), (11, 1), (10, 0), (9, 0)]
chi= 3
done: [(10, 12), (10, 11), (9, 12), (11, 9), (12, 8), (11, 8), (8, 10), (8, 9), (12, 7), (7, 11), (7, 10), (9, 7), (12, 6), (11, 6), (10, 6), (9, 6), (8, 6), (7, 6), (12, 5), (5, 11), (10, 5), (5, 9), (8, 5), (5, 7), (4, 12), (4, 11), (4, 10), (4, 9), (4, 8), (4, 7), (3, 12), (3, 11), (3, 10), (3, 9), (3, 8), (3, 7), (8, 2), (7, 2), (12, 1), (11, 1), (0, 10), (9, 0)]
chi= 3
done: [(10, 12), (10, 11), (9, 12), (11, 9), (12, 8), (11, 8), (8, 10), (8, 9), (12, 7), (7, 11), (7, 10), (9, 7), (12, 6), (11, 6), (10, 6), (9, 6), (8, 6), (7, 6), (12, 5), (5, 11), (10, 5), (5, 9), (8, 5), (5, 7), (4, 12), (4, 11), (4, 10), (4, 9), (4, 8), (4, 7), (3, 12), (3, 11), (3, 10), (3, 9), (3, 8), (3, 7), (8, 2), (7, 2), (12, 1), (11, 1), (10, 0), (9, 0)]
chi= 3
done: [(10, 12), (10, 11), (12, 9), (11, 9), (8, 12), (8, 11), (8, 10), (9, 8), (7, 12), (7, 11), (7, 10), (9, 7), (6, 12), (6, 11), (10, 6), (6, 9), (6, 8), (6, 7), (5, 12), (5, 11), (10, 5), (5, 9), (5, 8), (5, 7), (4, 12), (4, 11), (4, 10), (4, 9), (4, 8), (4, 7), (3, 12), (3, 11), (3, 10), (3, 9), (3, 8), (3, 7), (8, 2), (7, 2), (12, 1), (11, 1), (0, 10), (9, 0)]
chi= 3
done: [(10, 12), (10, 11), (12, 9), (11, 9), (8, 12), (8, 11), (8, 10), (9, 8), (7, 12), (7, 11), (7, 10), (9, 7), (6, 12), (6, 11), (10, 6), (6, 9), (6, 8), (6, 7), (5, 12), (5, 11), (10, 5), (5, 9), (5, 8), (5, 7), (4, 12), (4, 11), (4, 10), (4, 9), (4, 8), (4, 7), (3, 12), (3, 11), (3, 10), (3, 9), (3, 8), (3, 7), (8, 2), (7, 2), (12, 1), (11, 1), (10, 0), (9, 0)]
chi= 3
done: [(10, 12), (10, 11), (12, 9), (11, 9), (8, 12), (8, 11), (8, 10), (9, 8), (7, 12), (7, 11), (7, 10), (9, 7), (12, 6), (11, 6), (10, 6), (9, 6), (8, 6), (7, 6), (5, 12), (5, 11), (10, 5), (5, 9), (5, 8), (5, 7), (4, 12), (4, 11), (4, 10), (4, 9), (4, 8), (4, 7), (3, 12), (3, 11), (3, 10), (3, 9), (3, 8), (3, 7), (8, 2), (7, 2), (12, 1), (11, 1), (0, 10), (9, 0)]
chi= 3
done: [(10, 12), (10, 11), (12, 9), (11, 9), (8, 12), (8, 11), (8, 10), (9, 8), (7, 12), (7, 11), (7, 10), (9, 7), (12, 6), (11, 6), (10, 6), (9, 6), (8, 6), (7, 6), (5, 12), (5, 11), (10, 5), (5, 9), (5, 8), (5, 7), (4, 12), (4, 11), (4, 10), (4, 9), (4, 8), (4, 7), (3, 12), (3, 11), (3, 10), (3, 9), (3, 8), (3, 7), (8, 2), (7, 2), (12, 1), (11, 1), (10, 0), (9, 0)]
chi= 3
done: [(10, 12), (10, 11), (12, 9), (11, 9), (12, 8), (11, 8), (8, 10), (8, 9), (7, 12), (7, 11), (7, 10), (9, 7), (6, 12), (6, 11), (10, 6), (6, 9), (8, 6), (6, 7), (5, 12), (5, 11), (10, 5), (5, 9), (8, 5), (5, 7), (4, 12), (4, 11), (4, 10), (4, 9), (4, 8), (4, 7), (3, 12), (3, 11), (3, 10), (3, 9), (3, 8), (3, 7), (2, 8), (7, 2), (12, 1), (11, 1), (0, 10), (9, 0)]
chi= 3
done: [(10, 12), (10, 11), (12, 9), (11, 9), (12, 8), (11, 8), (8, 10), (8, 9), (7, 12), (7, 11), (7, 10), (9, 7), (6, 12), (6, 11), (10, 6), (6, 9), (8, 6), (6, 7), (5, 12), (5, 11), (10, 5), (5, 9), (8, 5), (5, 7), (4, 12), (4, 11), (4, 10), (4, 9), (4, 8), (4, 7), (3, 12), (3, 11), (3, 10), (3, 9), (3, 8), (3, 7), (2, 8), (7, 2), (12, 1), (11, 1), (10, 0), (9, 0)]
chi= 3
done: [(10, 12), (10, 11), (12, 9), (11, 9), (12, 8), (11, 8), (8, 10), (8, 9), (7, 12), (7, 11), (7, 10), (9, 7), (6, 12), (6, 11), (10, 6), (6, 9), (8, 6), (6, 7), (5, 12), (5, 11), (10, 5), (5, 9), (8, 5), (5, 7), (4, 12), (4, 11), (4, 10), (4, 9), (4, 8), (4, 7), (3, 12), (3, 11), (3, 10), (3, 9), (3, 8), (3, 7), (8, 2), (7, 2), (12, 1), (11, 1), (0, 10), (9, 0)]
chi= 3
done: [(10, 12), (10, 11), (12, 9), (11, 9), (12, 8), (11, 8), (8, 10), (8, 9), (7, 12), (7, 11), (7, 10), (9, 7), (6, 12), (6, 11), (10, 6), (6, 9), (8, 6), (6, 7), (5, 12), (5, 11), (10, 5), (5, 9), (8, 5), (5, 7), (4, 12), (4, 11), (4, 10), (4, 9), (4, 8), (4, 7), (3, 12), (3, 11), (3, 10), (3, 9), (3, 8), (3, 7), (8, 2), (7, 2), (12, 1), (11, 1), (10, 0), (9, 0)]
chi= 3
done: [(10, 12), (10, 11), (12, 9), (11, 9), (12, 8), (11, 8), (8, 10), (8, 9), (7, 12), (7, 11), (7, 10), (9, 7), (12, 6), (11, 6), (10, 6), (9, 6), (8, 6), (7, 6), (5, 12), (5, 11), (10, 5), (5, 9), (8, 5), (5, 7), (4, 12), (4, 11), (4, 10), (4, 9), (4, 8), (4, 7), (3, 12), (3, 11), (3, 10), (3, 9), (3, 8), (3, 7), (2, 8), (7, 2), (12, 1), (11, 1), (0, 10), (9, 0)]
chi= 3
done: [(10, 12), (10, 11), (12, 9), (11, 9), (12, 8), (11, 8), (8, 10), (8, 9), (7, 12), (7, 11), (7, 10), (9, 7), (12, 6), (11, 6), (10, 6), (9, 6), (8, 6), (7, 6), (5, 12), (5, 11), (10, 5), (5, 9), (8, 5), (5, 7), (4, 12), (4, 11), (4, 10), (4, 9), (4, 8), (4, 7), (3, 12), (3, 11), (3, 10), (3, 9), (3, 8), (3, 7), (2, 8), (7, 2), (12, 1), (11, 1), (10, 0), (9, 0)]
chi= 3
done: [(10, 12), (10, 11), (12, 9), (11, 9), (12, 8), (11, 8), (8, 10), (8, 9), (7, 12), (7, 11), (7, 10), (9, 7), (12, 6), (11, 6), (10, 6), (9, 6), (8, 6), (7, 6), (5, 12), (5, 11), (10, 5), (5, 9), (8, 5), (5, 7), (4, 12), (4, 11), (4, 10), (4, 9), (4, 8), (4, 7), (3, 12), (3, 11), (3, 10), (3, 9), (3, 8), (3, 7), (8, 2), (7, 2), (12, 1), (11, 1), (0, 10), (9, 0)]
chi= 3
done: [(10, 12), (10, 11), (12, 9), (11, 9), (12, 8), (11, 8), (8, 10), (8, 9), (7, 12), (7, 11), (7, 10), (9, 7), (12, 6), (11, 6), (10, 6), (9, 6), (8, 6), (7, 6), (5, 12), (5, 11), (10, 5), (5, 9), (8, 5), (5, 7), (4, 12), (4, 11), (4, 10), (4, 9), (4, 8), (4, 7), (3, 12), (3, 11), (3, 10), (3, 9), (3, 8), (3, 7), (8, 2), (7, 2), (12, 1), (11, 1), (10, 0), (9, 0)]
chi= 3
done: [(10, 12), (11, 10), (9, 12), (11, 9), (12, 8), (8, 11), (10, 8), (9, 8), (12, 7), (7, 11), (10, 7), (9, 7), (12, 6), (6, 11), (6, 10), (6, 9), (6, 8), (6, 7), (12, 5), (5, 11), (5, 10), (5, 9), (5, 8), (5, 7), (4, 12), (4, 11), (4, 10), (4, 9), (4, 8), (4, 7), (3, 12), (3, 11), (3, 10), (3, 9), (3, 8), (3, 7), (8, 2), (7, 2), (1, 12), (11, 1), (10, 0), (9, 0)]
chi= 3
done: [(10, 12), (11, 10), (9, 12), (11, 9), (12, 8), (8, 11), (10, 8), (9, 8), (12, 7), (7, 11), (10, 7), (9, 7), (12, 6), (6, 11), (6, 10), (6, 9), (6, 8), (6, 7), (12, 5), (5, 11), (5, 10), (5, 9), (5, 8), (5, 7), (4, 12), (4, 11), (4, 10), (4, 9), (4, 8), (4, 7), (3, 12), (3, 11), (3, 10), (3, 9), (3, 8), (3, 7), (8, 2), (7, 2), (12, 1), (11, 1), (10, 0), (9, 0)]
chi= 3
done: [(10, 12), (11, 10), (9, 12), (11, 9), (12, 8), (8, 11), (10, 8), (9, 8), (12, 7), (7, 11), (10, 7), (9, 7), (12, 6), (11, 6), (10, 6), (9, 6), (8, 6), (7, 6), (12, 5), (5, 11), (5, 10), (5, 9), (5, 8), (5, 7), (4, 12), (4, 11), (4, 10), (4, 9), (4, 8), (4, 7), (3, 12), (3, 11), (3, 10), (3, 9), (3, 8), (3, 7), (8, 2), (7, 2), (1, 12), (11, 1), (10, 0), (9, 0)]
chi= 3
done: [(10, 12), (11, 10), (9, 12), (11, 9), (12, 8), (8, 11), (10, 8), (9, 8), (12, 7), (7, 11), (10, 7), (9, 7), (12, 6), (11, 6), (10, 6), (9, 6), (8, 6), (7, 6), (12, 5), (5, 11), (5, 10), (5, 9), (5, 8), (5, 7), (4, 12), (4, 11), (4, 10), (4, 9), (4, 8), (4, 7), (3, 12), (3, 11), (3, 10), (3, 9), (3, 8), (3, 7), (8, 2), (7, 2), (12, 1), (11, 1), (10, 0), (9, 0)]
chi= 3
done: [(10, 12), (11, 10), (9, 12), (11, 9), (12, 8), (11, 8), (8, 10), (8, 9), (12, 7), (7, 11), (10, 7), (9, 7), (12, 6), (6, 11), (6, 10), (6, 9), (8, 6), (6, 7), (12, 5), (5, 11), (5, 10), (5, 9), (8, 5), (5, 7), (4, 12), (4, 11), (4, 10), (4, 9), (4, 8), (4, 7), (3, 12), (3, 11), (3, 10), (3, 9), (3, 8), (3, 7), (2, 8), (7, 2), (1, 12), (11, 1), (10, 0), (9, 0)]
chi= 3
done: [(10, 12), (11, 10), (9, 12), (11, 9), (12, 8), (11, 8), (8, 10), (8, 9), (12, 7), (7, 11), (10, 7), (9, 7), (12, 6), (6, 11), (6, 10), (6, 9), (8, 6), (6, 7), (12, 5), (5, 11), (5, 10), (5, 9), (8, 5), (5, 7), (4, 12), (4, 11), (4, 10), (4, 9), (4, 8), (4, 7), (3, 12), (3, 11), (3, 10), (3, 9), (3, 8), (3, 7), (2, 8), (7, 2), (12, 1), (11, 1), (10, 0), (9, 0)]
chi= 3
done: [(10, 12), (11, 10), (9, 12), (11, 9), (12, 8), (11, 8), (8, 10), (8, 9), (12, 7), (7, 11), (10, 7), (9, 7), (12, 6), (6, 11), (6, 10), (6, 9), (8, 6), (6, 7), (12, 5), (5, 11), (5, 10), (5, 9), (8, 5), (5, 7), (4, 12), (4, 11), (4, 10), (4, 9), (4, 8), (4, 7), (3, 12), (3, 11), (3, 10), (3, 9), (3, 8), (3, 7), (8, 2), (7, 2), (1, 12), (11, 1), (10, 0), (9, 0)]
chi= 3
done: [(10, 12), (11, 10), (9, 12), (11, 9), (12, 8), (11, 8), (8, 10), (8, 9), (12, 7), (7, 11), (10, 7), (9, 7), (12, 6), (6, 11), (6, 10), (6, 9), (8, 6), (6, 7), (12, 5), (5, 11), (5, 10), (5, 9), (8, 5), (5, 7), (4, 12), (4, 11), (4, 10), (4, 9), (4, 8), (4, 7), (3, 12), (3, 11), (3, 10), (3, 9), (3, 8), (3, 7), (8, 2), (7, 2), (12, 1), (11, 1), (10, 0), (9, 0)]
chi= 3
done: [(10, 12), (11, 10), (9, 12), (11, 9), (12, 8), (11, 8), (8, 10), (8, 9), (12, 7), (7, 11), (10, 7), (9, 7), (12, 6), (11, 6), (10, 6), (9, 6), (8, 6), (7, 6), (12, 5), (5, 11), (5, 10), (5, 9), (8, 5), (5, 7), (4, 12), (4, 11), (4, 10), (4, 9), (4, 8), (4, 7), (3, 12), (3, 11), (3, 10), (3, 9), (3, 8), (3, 7), (2, 8), (7, 2), (1, 12), (11, 1), (10, 0), (9, 0)]
chi= 3
done: [(10, 12), (11, 10), (9, 12), (11, 9), (12, 8), (11, 8), (8, 10), (8, 9), (12, 7), (7, 11), (10, 7), (9, 7), (12, 6), (11, 6), (10, 6), (9, 6), (8, 6), (7, 6), (12, 5), (5, 11), (5, 10), (5, 9), (8, 5), (5, 7), (4, 12), (4, 11), (4, 10), (4, 9), (4, 8), (4, 7), (3, 12), (3, 11), (3, 10), (3, 9), (3, 8), (3, 7), (2, 8), (7, 2), (12, 1), (11, 1), (10, 0), (9, 0)]
chi= 3
done: [(10, 12), (11, 10), (9, 12), (11, 9), (12, 8), (11, 8), (8, 10), (8, 9), (12, 7), (7, 11), (10, 7), (9, 7), (12, 6), (11, 6), (10, 6), (9, 6), (8, 6), (7, 6), (12, 5), (5, 11), (5, 10), (5, 9), (8, 5), (5, 7), (4, 12), (4, 11), (4, 10), (4, 9), (4, 8), (4, 7), (3, 12), (3, 11), (3, 10), (3, 9), (3, 8), (3, 7), (8, 2), (7, 2), (1, 12), (11, 1), (10, 0), (9, 0)]
chi= 3
done: [(10, 12), (11, 10), (9, 12), (11, 9), (12, 8), (11, 8), (8, 10), (8, 9), (12, 7), (7, 11), (10, 7), (9, 7), (12, 6), (11, 6), (10, 6), (9, 6), (8, 6), (7, 6), (12, 5), (5, 11), (5, 10), (5, 9), (8, 5), (5, 7), (4, 12), (4, 11), (4, 10), (4, 9), (4, 8), (4, 7), (3, 12), (3, 11), (3, 10), (3, 9), (3, 8), (3, 7), (8, 2), (7, 2), (12, 1), (11, 1), (10, 0), (9, 0)]
chi= 3
done: [(12, 10), (10, 11), (9, 12), (9, 11), (8, 12), (11, 8), (10, 8), (8, 9), (7, 12), (11, 7), (10, 7), (7, 9), (12, 6), (11, 6), (10, 6), (9, 6), (8, 6), (7, 6), (12, 5), (11, 5), (10, 5), (9, 5), (8, 5), (7, 5), (12, 4), (4, 11), (10, 4), (4, 9), (8, 4), (7, 4), (3, 12), (3, 11), (3, 10), (3, 9), (3, 8), (3, 7), (2, 8), (2, 7), (1, 12), (1, 11), (0, 10), (0, 9)]
chi= 3
done: [(12, 10), (10, 11), (9, 12), (9, 11), (8, 12), (11, 8), (10, 8), (8, 9), (7, 12), (11, 7), (10, 7), (7, 9), (12, 6), (11, 6), (10, 6), (9, 6), (8, 6), (7, 6), (12, 5), (11, 5), (10, 5), (9, 5), (8, 5), (7, 5), (12, 4), (4, 11), (10, 4), (4, 9), (8, 4), (7, 4), (3, 12), (3, 11), (3, 10), (3, 9), (3, 8), (3, 7), (2, 8), (2, 7), (1, 12), (1, 11), (0, 10), (9, 0)]
chi= 3
done: [(12, 10), (10, 11), (9, 12), (9, 11), (8, 12), (11, 8), (10, 8), (8, 9), (7, 12), (11, 7), (10, 7), (7, 9), (12, 6), (11, 6), (10, 6), (9, 6), (8, 6), (7, 6), (12, 5), (11, 5), (10, 5), (9, 5), (8, 5), (7, 5), (12, 4), (4, 11), (10, 4), (4, 9), (8, 4), (7, 4), (3, 12), (3, 11), (3, 10), (3, 9), (3, 8), (3, 7), (2, 8), (2, 7), (1, 12), (11, 1), (0, 10), (0, 9)]
chi= 3
done: [(12, 10), (10, 11), (9, 12), (9, 11), (8, 12), (11, 8), (10, 8), (8, 9), (7, 12), (11, 7), (10, 7), (7, 9), (12, 6), (11, 6), (10, 6), (9, 6), (8, 6), (7, 6), (12, 5), (11, 5), (10, 5), (9, 5), (8, 5), (7, 5), (12, 4), (4, 11), (10, 4), (4, 9), (8, 4), (7, 4), (3, 12), (3, 11), (3, 10), (3, 9), (3, 8), (3, 7), (2, 8), (2, 7), (1, 12), (11, 1), (0, 10), (9, 0)]
chi= 3
done: [(12, 10), (10, 11), (9, 12), (9, 11), (8, 12), (11, 8), (10, 8), (8, 9), (7, 12), (11, 7), (10, 7), (7, 9), (12, 6), (11, 6), (10, 6), (9, 6), (8, 6), (7, 6), (12, 5), (11, 5), (10, 5), (9, 5), (8, 5), (7, 5), (12, 4), (4, 11), (10, 4), (4, 9), (8, 4), (7, 4), (12, 3), (3, 11), (10, 3), (3, 9), (8, 3), (7, 3), (2, 8), (2, 7), (1, 12), (1, 11), (0, 10), (0, 9)]
chi= 3
done: [(12, 10), (10, 11), (9, 12), (9, 11), (8, 12), (11, 8), (10, 8), (8, 9), (7, 12), (11, 7), (10, 7), (7, 9), (12, 6), (11, 6), (10, 6), (9, 6), (8, 6), (7, 6), (12, 5), (11, 5), (10, 5), (9, 5), (8, 5), (7, 5), (12, 4), (4, 11), (10, 4), (4, 9), (8, 4), (7, 4), (12, 3), (3, 11), (10, 3), (3, 9), (8, 3), (7, 3), (2, 8), (2, 7), (1, 12), (1, 11), (0, 10), (9, 0)]
chi= 3
done: [(12, 10), (10, 11), (9, 12), (9, 11), (8, 12), (11, 8), (10, 8), (8, 9), (7, 12), (11, 7), (10, 7), (7, 9), (12, 6), (11, 6), (10, 6), (9, 6), (8, 6), (7, 6), (12, 5), (11, 5), (10, 5), (9, 5), (8, 5), (7, 5), (12, 4), (4, 11), (10, 4), (4, 9), (8, 4), (7, 4), (12, 3), (3, 11), (10, 3), (3, 9), (8, 3), (7, 3), (2, 8), (2, 7), (1, 12), (11, 1), (0, 10), (0, 9)]
chi= 3
done: [(12, 10), (10, 11), (9, 12), (9, 11), (8, 12), (11, 8), (10, 8), (8, 9), (7, 12), (11, 7), (10, 7), (7, 9), (12, 6), (11, 6), (10, 6), (9, 6), (8, 6), (7, 6), (12, 5), (11, 5), (10, 5), (9, 5), (8, 5), (7, 5), (12, 4), (4, 11), (10, 4), (4, 9), (8, 4), (7, 4), (12, 3), (3, 11), (10, 3), (3, 9), (8, 3), (7, 3), (2, 8), (2, 7), (1, 12), (11, 1), (0, 10), (9, 0)]
chi= 3
done: [(12, 10), (10, 11), (9, 12), (9, 11), (8, 12), (11, 8), (10, 8), (8, 9), (12, 7), (11, 7), (7, 10), (7, 9), (12, 6), (11, 6), (10, 6), (9, 6), (8, 6), (7, 6), (12, 5), (11, 5), (10, 5), (9, 5), (8, 5), (7, 5), (12, 4), (4, 11), (10, 4), (4, 9), (8, 4), (4, 7), (3, 12), (3, 11), (3, 10), (3, 9), (3, 8), (3, 7), (2, 8), (2, 7), (1, 12), (1, 11), (0, 10), (0, 9)]
chi= 3
done: [(12, 10), (10, 11), (9, 12), (9, 11), (8, 12), (11, 8), (10, 8), (8, 9), (12, 7), (11, 7), (7, 10), (7, 9), (12, 6), (11, 6), (10, 6), (9, 6), (8, 6), (7, 6), (12, 5), (11, 5), (10, 5), (9, 5), (8, 5), (7, 5), (12, 4), (4, 11), (10, 4), (4, 9), (8, 4), (4, 7), (3, 12), (3, 11), (3, 10), (3, 9), (3, 8), (3, 7), (2, 8), (2, 7), (1, 12), (1, 11), (0, 10), (9, 0)]
chi= 3
done: [(12, 10), (10, 11), (9, 12), (9, 11), (8, 12), (11, 8), (10, 8), (8, 9), (12, 7), (11, 7), (7, 10), (7, 9), (12, 6), (11, 6), (10, 6), (9, 6), (8, 6), (7, 6), (12, 5), (11, 5), (10, 5), (9, 5), (8, 5), (7, 5), (12, 4), (4, 11), (10, 4), (4, 9), (8, 4), (4, 7), (3, 12), (3, 11), (3, 10), (3, 9), (3, 8), (3, 7), (2, 8), (2, 7), (1, 12), (11, 1), (0, 10), (0, 9)]
chi= 3
done: [(12, 10), (10, 11), (9, 12), (9, 11), (8, 12), (11, 8), (10, 8), (8, 9), (12, 7), (11, 7), (7, 10), (7, 9), (12, 6), (11, 6), (10, 6), (9, 6), (8, 6), (7, 6), (12, 5), (11, 5), (10, 5), (9, 5), (8, 5), (7, 5), (12, 4), (4, 11), (10, 4), (4, 9), (8, 4), (4, 7), (3, 12), (3, 11), (3, 10), (3, 9), (3, 8), (3, 7), (2, 8), (2, 7), (1, 12), (11, 1), (0, 10), (9, 0)]
chi= 3
done: [(12, 10), (10, 11), (9, 12), (9, 11), (8, 12), (11, 8), (10, 8), (8, 9), (12, 7), (11, 7), (7, 10), (7, 9), (12, 6), (11, 6), (10, 6), (9, 6), (8, 6), (7, 6), (12, 5), (11, 5), (10, 5), (9, 5), (8, 5), (7, 5), (12, 4), (4, 11), (10, 4), (4, 9), (8, 4), (4, 7), (3, 12), (3, 11), (3, 10), (3, 9), (3, 8), (3, 7), (2, 8), (7, 2), (1, 12), (1, 11), (0, 10), (0, 9)]
chi= 3
done: [(12, 10), (10, 11), (9, 12), (9, 11), (8, 12), (11, 8), (10, 8), (8, 9), (12, 7), (11, 7), (7, 10), (7, 9), (12, 6), (11, 6), (10, 6), (9, 6), (8, 6), (7, 6), (12, 5), (11, 5), (10, 5), (9, 5), (8, 5), (7, 5), (12, 4), (4, 11), (10, 4), (4, 9), (8, 4), (4, 7), (3, 12), (3, 11), (3, 10), (3, 9), (3, 8), (3, 7), (2, 8), (7, 2), (1, 12), (1, 11), (0, 10), (9, 0)]
chi= 3
done: [(12, 10), (10, 11), (9, 12), (9, 11), (8, 12), (11, 8), (10, 8), (8, 9), (12, 7), (11, 7), (7, 10), (7, 9), (12, 6), (11, 6), (10, 6), (9, 6), (8, 6), (7, 6), (12, 5), (11, 5), (10, 5), (9, 5), (8, 5), (7, 5), (12, 4), (4, 11), (10, 4), (4, 9), (8, 4), (4, 7), (3, 12), (3, 11), (3, 10), (3, 9), (3, 8), (3, 7), (2, 8), (7, 2), (1, 12), (11, 1), (0, 10), (0, 9)]
chi= 3
done: [(12, 10), (10, 11), (9, 12), (9, 11), (8, 12), (11, 8), (10, 8), (8, 9), (12, 7), (11, 7), (7, 10), (7, 9), (12, 6), (11, 6), (10, 6), (9, 6), (8, 6), (7, 6), (12, 5), (11, 5), (10, 5), (9, 5), (8, 5), (7, 5), (12, 4), (4, 11), (10, 4), (4, 9), (8, 4), (4, 7), (3, 12), (3, 11), (3, 10), (3, 9), (3, 8), (3, 7), (2, 8), (7, 2), (1, 12), (11, 1), (0, 10), (9, 0)]
chi= 3
done: [(12, 10), (10, 11), (9, 12), (9, 11), (8, 12), (11, 8), (10, 8), (8, 9), (12, 7), (11, 7), (7, 10), (7, 9), (12, 6), (11, 6), (10, 6), (9, 6), (8, 6), (7, 6), (12, 5), (11, 5), (10, 5), (9, 5), (8, 5), (7, 5), (12, 4), (4, 11), (10, 4), (4, 9), (8, 4), (4, 7), (12, 3), (3, 11), (10, 3), (3, 9), (8, 3), (3, 7), (2, 8), (2, 7), (1, 12), (1, 11), (0, 10), (0, 9)]
chi= 3
done: [(12, 10), (10, 11), (9, 12), (9, 11), (8, 12), (11, 8), (10, 8), (8, 9), (12, 7), (11, 7), (7, 10), (7, 9), (12, 6), (11, 6), (10, 6), (9, 6), (8, 6), (7, 6), (12, 5), (11, 5), (10, 5), (9, 5), (8, 5), (7, 5), (12, 4), (4, 11), (10, 4), (4, 9), (8, 4), (4, 7), (12, 3), (3, 11), (10, 3), (3, 9), (8, 3), (3, 7), (2, 8), (2, 7), (1, 12), (1, 11), (0, 10), (9, 0)]
chi= 3
done: [(12, 10), (10, 11), (9, 12), (9, 11), (8, 12), (11, 8), (10, 8), (8, 9), (12, 7), (11, 7), (7, 10), (7, 9), (12, 6), (11, 6), (10, 6), (9, 6), (8, 6), (7, 6), (12, 5), (11, 5), (10, 5), (9, 5), (8, 5), (7, 5), (12, 4), (4, 11), (10, 4), (4, 9), (8, 4), (4, 7), (12, 3), (3, 11), (10, 3), (3, 9), (8, 3), (3, 7), (2, 8), (2, 7), (1, 12), (11, 1), (0, 10), (0, 9)]
chi= 3
done: [(12, 10), (10, 11), (9, 12), (9, 11), (8, 12), (11, 8), (10, 8), (8, 9), (12, 7), (11, 7), (7, 10), (7, 9), (12, 6), (11, 6), (10, 6), (9, 6), (8, 6), (7, 6), (12, 5), (11, 5), (10, 5), (9, 5), (8, 5), (7, 5), (12, 4), (4, 11), (10, 4), (4, 9), (8, 4), (4, 7), (12, 3), (3, 11), (10, 3), (3, 9), (8, 3), (3, 7), (2, 8), (2, 7), (1, 12), (11, 1), (0, 10), (9, 0)]
chi= 3
done: [(12, 10), (10, 11), (9, 12), (9, 11), (8, 12), (11, 8), (10, 8), (8, 9), (12, 7), (11, 7), (7, 10), (7, 9), (12, 6), (11, 6), (10, 6), (9, 6), (8, 6), (7, 6), (12, 5), (11, 5), (10, 5), (9, 5), (8, 5), (7, 5), (12, 4), (4, 11), (10, 4), (4, 9), (8, 4), (4, 7), (12, 3), (3, 11), (10, 3), (3, 9), (8, 3), (3, 7), (2, 8), (7, 2), (1, 12), (1, 11), (0, 10), (0, 9)]
chi= 3
done: [(12, 10), (10, 11), (9, 12), (9, 11), (8, 12), (11, 8), (10, 8), (8, 9), (12, 7), (11, 7), (7, 10), (7, 9), (12, 6), (11, 6), (10, 6), (9, 6), (8, 6), (7, 6), (12, 5), (11, 5), (10, 5), (9, 5), (8, 5), (7, 5), (12, 4), (4, 11), (10, 4), (4, 9), (8, 4), (4, 7), (12, 3), (3, 11), (10, 3), (3, 9), (8, 3), (3, 7), (2, 8), (7, 2), (1, 12), (1, 11), (0, 10), (9, 0)]
chi= 3
done: [(12, 10), (10, 11), (9, 12), (9, 11), (8, 12), (11, 8), (10, 8), (8, 9), (12, 7), (11, 7), (7, 10), (7, 9), (12, 6), (11, 6), (10, 6), (9, 6), (8, 6), (7, 6), (12, 5), (11, 5), (10, 5), (9, 5), (8, 5), (7, 5), (12, 4), (4, 11), (10, 4), (4, 9), (8, 4), (4, 7), (12, 3), (3, 11), (10, 3), (3, 9), (8, 3), (3, 7), (2, 8), (7, 2), (1, 12), (11, 1), (0, 10), (0, 9)]
chi= 3
done: [(12, 10), (10, 11), (9, 12), (9, 11), (8, 12), (11, 8), (10, 8), (8, 9), (12, 7), (11, 7), (7, 10), (7, 9), (12, 6), (11, 6), (10, 6), (9, 6), (8, 6), (7, 6), (12, 5), (11, 5), (10, 5), (9, 5), (8, 5), (7, 5), (12, 4), (4, 11), (10, 4), (4, 9), (8, 4), (4, 7), (12, 3), (3, 11), (10, 3), (3, 9), (8, 3), (3, 7), (2, 8), (7, 2), (1, 12), (11, 1), (0, 10), (9, 0)]
chi= 3
done: [(12, 10), (10, 11), (12, 9), (9, 11), (8, 12), (11, 8), (10, 8), (9, 8), (7, 12), (11, 7), (10, 7), (9, 7), (12, 6), (11, 6), (10, 6), (9, 6), (8, 6), (7, 6), (12, 5), (11, 5), (10, 5), (9, 5), (8, 5), (7, 5), (12, 4), (4, 11), (10, 4), (9, 4), (8, 4), (7, 4), (3, 12), (3, 11), (3, 10), (3, 9), (3, 8), (3, 7), (2, 8), (2, 7), (1, 12), (1, 11), (0, 10), (0, 9)]
chi= 3
done: [(12, 10), (10, 11), (12, 9), (9, 11), (8, 12), (11, 8), (10, 8), (9, 8), (7, 12), (11, 7), (10, 7), (9, 7), (12, 6), (11, 6), (10, 6), (9, 6), (8, 6), (7, 6), (12, 5), (11, 5), (10, 5), (9, 5), (8, 5), (7, 5), (12, 4), (4, 11), (10, 4), (9, 4), (8, 4), (7, 4), (3, 12), (3, 11), (3, 10), (3, 9), (3, 8), (3, 7), (2, 8), (2, 7), (1, 12), (11, 1), (0, 10), (0, 9)]
chi= 3
done: [(12, 10), (10, 11), (12, 9), (9, 11), (8, 12), (11, 8), (10, 8), (9, 8), (7, 12), (11, 7), (10, 7), (9, 7), (12, 6), (11, 6), (10, 6), (9, 6), (8, 6), (7, 6), (12, 5), (11, 5), (10, 5), (9, 5), (8, 5), (7, 5), (12, 4), (4, 11), (10, 4), (9, 4), (8, 4), (7, 4), (12, 3), (3, 11), (10, 3), (9, 3), (8, 3), (7, 3), (2, 8), (2, 7), (1, 12), (1, 11), (0, 10), (0, 9)]
chi= 3
done: [(12, 10), (10, 11), (12, 9), (9, 11), (8, 12), (11, 8), (10, 8), (9, 8), (7, 12), (11, 7), (10, 7), (9, 7), (12, 6), (11, 6), (10, 6), (9, 6), (8, 6), (7, 6), (12, 5), (11, 5), (10, 5), (9, 5), (8, 5), (7, 5), (12, 4), (4, 11), (10, 4), (9, 4), (8, 4), (7, 4), (12, 3), (3, 11), (10, 3), (9, 3), (8, 3), (7, 3), (2, 8), (2, 7), (1, 12), (11, 1), (0, 10), (0, 9)]
chi= 3
done: [(12, 10), (10, 11), (12, 9), (9, 11), (8, 12), (11, 8), (10, 8), (9, 8), (12, 7), (11, 7), (7, 10), (7, 9), (12, 6), (11, 6), (10, 6), (9, 6), (8, 6), (7, 6), (12, 5), (11, 5), (10, 5), (9, 5), (8, 5), (7, 5), (12, 4), (4, 11), (10, 4), (9, 4), (8, 4), (4, 7), (3, 12), (3, 11), (3, 10), (3, 9), (3, 8), (3, 7), (2, 8), (2, 7), (1, 12), (1, 11), (0, 10), (0, 9)]
chi= 3
done: [(12, 10), (10, 11), (12, 9), (9, 11), (8, 12), (11, 8), (10, 8), (9, 8), (12, 7), (11, 7), (7, 10), (7, 9), (12, 6), (11, 6), (10, 6), (9, 6), (8, 6), (7, 6), (12, 5), (11, 5), (10, 5), (9, 5), (8, 5), (7, 5), (12, 4), (4, 11), (10, 4), (9, 4), (8, 4), (4, 7), (3, 12), (3, 11), (3, 10), (3, 9), (3, 8), (3, 7), (2, 8), (2, 7), (1, 12), (11, 1), (0, 10), (0, 9)]
chi= 3
done: [(12, 10), (10, 11), (12, 9), (9, 11), (8, 12), (11, 8), (10, 8), (9, 8), (12, 7), (11, 7), (7, 10), (7, 9), (12, 6), (11, 6), (10, 6), (9, 6), (8, 6), (7, 6), (12, 5), (11, 5), (10, 5), (9, 5), (8, 5), (7, 5), (12, 4), (4, 11), (10, 4), (9, 4), (8, 4), (4, 7), (3, 12), (3, 11), (3, 10), (3, 9), (3, 8), (3, 7), (2, 8), (7, 2), (1, 12), (1, 11), (0, 10), (0, 9)]
chi= 3
done: [(12, 10), (10, 11), (12, 9), (9, 11), (8, 12), (11, 8), (10, 8), (9, 8), (12, 7), (11, 7), (7, 10), (7, 9), (12, 6), (11, 6), (10, 6), (9, 6), (8, 6), (7, 6), (12, 5), (11, 5), (10, 5), (9, 5), (8, 5), (7, 5), (12, 4), (4, 11), (10, 4), (9, 4), (8, 4), (4, 7), (3, 12), (3, 11), (3, 10), (3, 9), (3, 8), (3, 7), (2, 8), (7, 2), (1, 12), (11, 1), (0, 10), (0, 9)]
chi= 3
done: [(12, 10), (10, 11), (12, 9), (9, 11), (8, 12), (11, 8), (10, 8), (9, 8), (12, 7), (11, 7), (7, 10), (7, 9), (12, 6), (11, 6), (10, 6), (9, 6), (8, 6), (7, 6), (12, 5), (11, 5), (10, 5), (9, 5), (8, 5), (7, 5), (12, 4), (4, 11), (10, 4), (9, 4), (8, 4), (4, 7), (12, 3), (3, 11), (10, 3), (9, 3), (8, 3), (3, 7), (2, 8), (2, 7), (1, 12), (1, 11), (0, 10), (0, 9)]
chi= 3
done: [(12, 10), (10, 11), (12, 9), (9, 11), (8, 12), (11, 8), (10, 8), (9, 8), (12, 7), (11, 7), (7, 10), (7, 9), (12, 6), (11, 6), (10, 6), (9, 6), (8, 6), (7, 6), (12, 5), (11, 5), (10, 5), (9, 5), (8, 5), (7, 5), (12, 4), (4, 11), (10, 4), (9, 4), (8, 4), (4, 7), (12, 3), (3, 11), (10, 3), (9, 3), (8, 3), (3, 7), (2, 8), (2, 7), (1, 12), (11, 1), (0, 10), (0, 9)]
chi= 3
done: [(12, 10), (10, 11), (12, 9), (9, 11), (8, 12), (11, 8), (10, 8), (9, 8), (12, 7), (11, 7), (7, 10), (7, 9), (12, 6), (11, 6), (10, 6), (9, 6), (8, 6), (7, 6), (12, 5), (11, 5), (10, 5), (9, 5), (8, 5), (7, 5), (12, 4), (4, 11), (10, 4), (9, 4), (8, 4), (4, 7), (12, 3), (3, 11), (10, 3), (9, 3), (8, 3), (3, 7), (2, 8), (7, 2), (1, 12), (1, 11), (0, 10), (0, 9)]
chi= 3
done: [(12, 10), (10, 11), (12, 9), (9, 11), (8, 12), (11, 8), (10, 8), (9, 8), (12, 7), (11, 7), (7, 10), (7, 9), (12, 6), (11, 6), (10, 6), (9, 6), (8, 6), (7, 6), (12, 5), (11, 5), (10, 5), (9, 5), (8, 5), (7, 5), (12, 4), (4, 11), (10, 4), (9, 4), (8, 4), (4, 7), (12, 3), (3, 11), (10, 3), (9, 3), (8, 3), (3, 7), (2, 8), (7, 2), (1, 12), (11, 1), (0, 10), (0, 9)]
chi= 3
done: [(12, 10), (11, 10), (9, 12), (9, 11), (8, 12), (8, 11), (10, 8), (8, 9), (7, 12), (7, 11), (10, 7), (7, 9), (12, 6), (11, 6), (10, 6), (9, 6), (8, 6), (7, 6), (12, 5), (11, 5), (10, 5), (9, 5), (8, 5), (7, 5), (12, 4), (11, 4), (10, 4), (4, 9), (8, 4), (7, 4), (3, 12), (3, 11), (3, 10), (3, 9), (3, 8), (3, 7), (2, 8), (2, 7), (1, 12), (1, 11), (0, 10), (0, 9)]
chi= 3
done: [(12, 10), (11, 10), (9, 12), (9, 11), (8, 12), (8, 11), (10, 8), (8, 9), (7, 12), (7, 11), (10, 7), (7, 9), (12, 6), (11, 6), (10, 6), (9, 6), (8, 6), (7, 6), (12, 5), (11, 5), (10, 5), (9, 5), (8, 5), (7, 5), (12, 4), (11, 4), (10, 4), (4, 9), (8, 4), (7, 4), (3, 12), (3, 11), (3, 10), (3, 9), (3, 8), (3, 7), (2, 8), (2, 7), (1, 12), (1, 11), (0, 10), (9, 0)]
chi= 3
done: [(12, 10), (11, 10), (9, 12), (9, 11), (8, 12), (8, 11), (10, 8), (8, 9), (7, 12), (7, 11), (10, 7), (7, 9), (12, 6), (11, 6), (10, 6), (9, 6), (8, 6), (7, 6), (12, 5), (11, 5), (10, 5), (9, 5), (8, 5), (7, 5), (12, 4), (11, 4), (10, 4), (4, 9), (8, 4), (7, 4), (12, 3), (11, 3), (10, 3), (3, 9), (8, 3), (7, 3), (2, 8), (2, 7), (1, 12), (1, 11), (0, 10), (0, 9)]
chi= 3
done: [(12, 10), (11, 10), (9, 12), (9, 11), (8, 12), (8, 11), (10, 8), (8, 9), (7, 12), (7, 11), (10, 7), (7, 9), (12, 6), (11, 6), (10, 6), (9, 6), (8, 6), (7, 6), (12, 5), (11, 5), (10, 5), (9, 5), (8, 5), (7, 5), (12, 4), (11, 4), (10, 4), (4, 9), (8, 4), (7, 4), (12, 3), (11, 3), (10, 3), (3, 9), (8, 3), (7, 3), (2, 8), (2, 7), (1, 12), (1, 11), (0, 10), (9, 0)]
chi= 3
done: [(12, 10), (11, 10), (9, 12), (9, 11), (8, 12), (8, 11), (10, 8), (8, 9), (12, 7), (11, 7), (7, 10), (7, 9), (12, 6), (11, 6), (10, 6), (9, 6), (8, 6), (7, 6), (12, 5), (11, 5), (10, 5), (9, 5), (8, 5), (7, 5), (12, 4), (11, 4), (10, 4), (4, 9), (8, 4), (4, 7), (3, 12), (3, 11), (3, 10), (3, 9), (3, 8), (3, 7), (2, 8), (2, 7), (1, 12), (1, 11), (0, 10), (0, 9)]
chi= 3
done: [(12, 10), (11, 10), (9, 12), (9, 11), (8, 12), (8, 11), (10, 8), (8, 9), (12, 7), (11, 7), (7, 10), (7, 9), (12, 6), (11, 6), (10, 6), (9, 6), (8, 6), (7, 6), (12, 5), (11, 5), (10, 5), (9, 5), (8, 5), (7, 5), (12, 4), (11, 4), (10, 4), (4, 9), (8, 4), (4, 7), (3, 12), (3, 11), (3, 10), (3, 9), (3, 8), (3, 7), (2, 8), (2, 7), (1, 12), (1, 11), (0, 10), (9, 0)]
chi= 3
done: [(12, 10), (11, 10), (9, 12), (9, 11), (8, 12), (8, 11), (10, 8), (8, 9), (12, 7), (11, 7), (7, 10), (7, 9), (12, 6), (11, 6), (10, 6), (9, 6), (8, 6), (7, 6), (12, 5), (11, 5), (10, 5), (9, 5), (8, 5), (7, 5), (12, 4), (11, 4), (10, 4), (4, 9), (8, 4), (4, 7), (3, 12), (3, 11), (3, 10), (3, 9), (3, 8), (3, 7), (2, 8), (7, 2), (1, 12), (1, 11), (0, 10), (0, 9)]
chi= 3
done: [(12, 10), (11, 10), (9, 12), (9, 11), (8, 12), (8, 11), (10, 8), (8, 9), (12, 7), (11, 7), (7, 10), (7, 9), (12, 6), (11, 6), (10, 6), (9, 6), (8, 6), (7, 6), (12, 5), (11, 5), (10, 5), (9, 5), (8, 5), (7, 5), (12, 4), (11, 4), (10, 4), (4, 9), (8, 4), (4, 7), (3, 12), (3, 11), (3, 10), (3, 9), (3, 8), (3, 7), (2, 8), (7, 2), (1, 12), (1, 11), (0, 10), (9, 0)]
chi= 3
done: [(12, 10), (11, 10), (9, 12), (9, 11), (8, 12), (8, 11), (10, 8), (8, 9), (12, 7), (11, 7), (7, 10), (7, 9), (12, 6), (11, 6), (10, 6), (9, 6), (8, 6), (7, 6), (12, 5), (11, 5), (10, 5), (9, 5), (8, 5), (7, 5), (12, 4), (11, 4), (10, 4), (4, 9), (8, 4), (4, 7), (12, 3), (11, 3), (10, 3), (3, 9), (8, 3), (3, 7), (2, 8), (2, 7), (1, 12), (1, 11), (0, 10), (0, 9)]
chi= 3
done: [(12, 10), (11, 10), (9, 12), (9, 11), (8, 12), (8, 11), (10, 8), (8, 9), (12, 7), (11, 7), (7, 10), (7, 9), (12, 6), (11, 6), (10, 6), (9, 6), (8, 6), (7, 6), (12, 5), (11, 5), (10, 5), (9, 5), (8, 5), (7, 5), (12, 4), (11, 4), (10, 4), (4, 9), (8, 4), (4, 7), (12, 3), (11, 3), (10, 3), (3, 9), (8, 3), (3, 7), (2, 8), (2, 7), (1, 12), (1, 11), (0, 10), (9, 0)]
chi= 3
done: [(12, 10), (11, 10), (9, 12), (9, 11), (8, 12), (8, 11), (10, 8), (8, 9), (12, 7), (11, 7), (7, 10), (7, 9), (12, 6), (11, 6), (10, 6), (9, 6), (8, 6), (7, 6), (12, 5), (11, 5), (10, 5), (9, 5), (8, 5), (7, 5), (12, 4), (11, 4), (10, 4), (4, 9), (8, 4), (4, 7), (12, 3), (11, 3), (10, 3), (3, 9), (8, 3), (3, 7), (2, 8), (7, 2), (1, 12), (1, 11), (0, 10), (0, 9)]
chi= 3
done: [(12, 10), (11, 10), (9, 12), (9, 11), (8, 12), (8, 11), (10, 8), (8, 9), (12, 7), (11, 7), (7, 10), (7, 9), (12, 6), (11, 6), (10, 6), (9, 6), (8, 6), (7, 6), (12, 5), (11, 5), (10, 5), (9, 5), (8, 5), (7, 5), (12, 4), (11, 4), (10, 4), (4, 9), (8, 4), (4, 7), (12, 3), (11, 3), (10, 3), (3, 9), (8, 3), (3, 7), (2, 8), (7, 2), (1, 12), (1, 11), (0, 10), (9, 0)]
chi= 3
done: [(12, 10), (11, 10), (12, 9), (11, 9), (8, 12), (8, 11), (10, 8), (9, 8), (7, 12), (7, 11), (10, 7), (9, 7), (6, 12), (6, 11), (6, 10), (6, 9), (6, 8), (6, 7), (5, 12), (5, 11), (5, 10), (5, 9), (5, 8), (5, 7), (4, 12), (4, 11), (4, 10), (4, 9), (4, 8), (4, 7), (3, 12), (3, 11), (3, 10), (3, 9), (3, 8), (3, 7), (8, 2), (7, 2), (12, 1), (11, 1), (10, 0), (9, 0)]
chi= 3
done: [(12, 10), (11, 10), (12, 9), (11, 9), (8, 12), (8, 11), (10, 8), (9, 8), (7, 12), (7, 11), (10, 7), (9, 7), (12, 6), (11, 6), (10, 6), (9, 6), (8, 6), (7, 6), (5, 12), (5, 11), (5, 10), (5, 9), (5, 8), (5, 7), (4, 12), (4, 11), (4, 10), (4, 9), (4, 8), (4, 7), (3, 12), (3, 11), (3, 10), (3, 9), (3, 8), (3, 7), (8, 2), (7, 2), (12, 1), (11, 1), (10, 0), (9, 0)]
chi= 3
done: [(12, 10), (11, 10), (12, 9), (11, 9), (8, 12), (8, 11), (10, 8), (9, 8), (7, 12), (7, 11), (10, 7), (9, 7), (12, 6), (11, 6), (10, 6), (9, 6), (8, 6), (7, 6), (12, 5), (11, 5), (10, 5), (9, 5), (8, 5), (7, 5), (12, 4), (11, 4), (10, 4), (9, 4), (8, 4), (7, 4), (3, 12), (3, 11), (3, 10), (3, 9), (3, 8), (3, 7), (2, 8), (2, 7), (1, 12), (1, 11), (0, 10), (0, 9)]
chi= 3
done: [(12, 10), (11, 10), (12, 9), (11, 9), (8, 12), (8, 11), (10, 8), (9, 8), (7, 12), (7, 11), (10, 7), (9, 7), (12, 6), (11, 6), (10, 6), (9, 6), (8, 6), (7, 6), (12, 5), (11, 5), (10, 5), (9, 5), (8, 5), (7, 5), (12, 4), (11, 4), (10, 4), (9, 4), (8, 4), (7, 4), (12, 3), (11, 3), (10, 3), (9, 3), (8, 3), (7, 3), (2, 8), (2, 7), (1, 12), (1, 11), (0, 10), (0, 9)]
chi= 3
done: [(12, 10), (11, 10), (12, 9), (11, 9), (8, 12), (8, 11), (10, 8), (9, 8), (12, 7), (11, 7), (7, 10), (7, 9), (12, 6), (11, 6), (10, 6), (9, 6), (8, 6), (7, 6), (12, 5), (11, 5), (10, 5), (9, 5), (8, 5), (7, 5), (12, 4), (11, 4), (10, 4), (9, 4), (8, 4), (4, 7), (3, 12), (3, 11), (3, 10), (3, 9), (3, 8), (3, 7), (2, 8), (2, 7), (1, 12), (1, 11), (0, 10), (0, 9)]
chi= 3
done: [(12, 10), (11, 10), (12, 9), (11, 9), (8, 12), (8, 11), (10, 8), (9, 8), (12, 7), (11, 7), (7, 10), (7, 9), (12, 6), (11, 6), (10, 6), (9, 6), (8, 6), (7, 6), (12, 5), (11, 5), (10, 5), (9, 5), (8, 5), (7, 5), (12, 4), (11, 4), (10, 4), (9, 4), (8, 4), (4, 7), (3, 12), (3, 11), (3, 10), (3, 9), (3, 8), (3, 7), (2, 8), (7, 2), (1, 12), (1, 11), (0, 10), (0, 9)]
chi= 3
done: [(12, 10), (11, 10), (12, 9), (11, 9), (8, 12), (8, 11), (10, 8), (9, 8), (12, 7), (11, 7), (7, 10), (7, 9), (12, 6), (11, 6), (10, 6), (9, 6), (8, 6), (7, 6), (12, 5), (11, 5), (10, 5), (9, 5), (8, 5), (7, 5), (12, 4), (11, 4), (10, 4), (9, 4), (8, 4), (4, 7), (12, 3), (11, 3), (10, 3), (9, 3), (8, 3), (3, 7), (2, 8), (2, 7), (1, 12), (1, 11), (0, 10), (0, 9)]
chi= 3
done: [(12, 10), (11, 10), (12, 9), (11, 9), (8, 12), (8, 11), (10, 8), (9, 8), (12, 7), (11, 7), (7, 10), (7, 9), (12, 6), (11, 6), (10, 6), (9, 6), (8, 6), (7, 6), (12, 5), (11, 5), (10, 5), (9, 5), (8, 5), (7, 5), (12, 4), (11, 4), (10, 4), (9, 4), (8, 4), (4, 7), (12, 3), (11, 3), (10, 3), (9, 3), (8, 3), (3, 7), (2, 8), (7, 2), (1, 12), (1, 11), (0, 10), (0, 9)]
chi= 3
done: [(12, 10), (11, 10), (12, 9), (11, 9), (12, 8), (11, 8), (8, 10), (8, 9), (7, 12), (7, 11), (10, 7), (9, 7), (6, 12), (6, 11), (6, 10), (6, 9), (8, 6), (6, 7), (5, 12), (5, 11), (5, 10), (5, 9), (8, 5), (5, 7), (4, 12), (4, 11), (4, 10), (4, 9), (4, 8), (4, 7), (3, 12), (3, 11), (3, 10), (3, 9), (3, 8), (3, 7), (2, 8), (7, 2), (12, 1), (11, 1), (10, 0), (9, 0)]
chi= 3
done: [(12, 10), (11, 10), (12, 9), (11, 9), (12, 8), (11, 8), (8, 10), (8, 9), (7, 12), (7, 11), (10, 7), (9, 7), (6, 12), (6, 11), (6, 10), (6, 9), (8, 6), (6, 7), (5, 12), (5, 11), (5, 10), (5, 9), (8, 5), (5, 7), (4, 12), (4, 11), (4, 10), (4, 9), (4, 8), (4, 7), (3, 12), (3, 11), (3, 10), (3, 9), (3, 8), (3, 7), (8, 2), (7, 2), (12, 1), (11, 1), (10, 0), (9, 0)]
chi= 3
done: [(12, 10), (11, 10), (12, 9), (11, 9), (12, 8), (11, 8), (8, 10), (8, 9), (7, 12), (7, 11), (10, 7), (9, 7), (12, 6), (11, 6), (10, 6), (9, 6), (8, 6), (7, 6), (5, 12), (5, 11), (5, 10), (5, 9), (8, 5), (5, 7), (4, 12), (4, 11), (4, 10), (4, 9), (4, 8), (4, 7), (3, 12), (3, 11), (3, 10), (3, 9), (3, 8), (3, 7), (2, 8), (7, 2), (12, 1), (11, 1), (10, 0), (9, 0)]
chi= 3
done: [(12, 10), (11, 10), (12, 9), (11, 9), (12, 8), (11, 8), (8, 10), (8, 9), (7, 12), (7, 11), (10, 7), (9, 7), (12, 6), (11, 6), (10, 6), (9, 6), (8, 6), (7, 6), (5, 12), (5, 11), (5, 10), (5, 9), (8, 5), (5, 7), (4, 12), (4, 11), (4, 10), (4, 9), (4, 8), (4, 7), (3, 12), (3, 11), (3, 10), (3, 9), (3, 8), (3, 7), (8, 2), (7, 2), (12, 1), (11, 1), (10, 0), (9, 0)]
